0.65659
2.53462
4.0445
5.25837
6.2342
7.01863
7.64916
8.15593
8.56319
8.89044
9.15334
9.36452
9.53409
9.67021
9.77944
9.86705
9.93726
9.9935
9.9935
9.9935
7.98481
6.36987
5.07155
4.02782
3.18881
2.51441
1.97238
1.53678
1.18676
0.905563
0.679698
0.498327
0.352731
0.235902
0.142203
0.067101
0.00695261
0.27891
1.26074
2.15313
2.96412
3.70105
4.37059
4.9788
5.53121
6.03285
6.4883
6.90171
7.27688
7.61725
7.92597
8.20589
8.45961
8.68951
8.89772
9.08621
9.25677
9.41102
9.55043
9.67635
9.79
9.89249
9.98484
10.068
10.1427
10.2099
10.2701
10.324
10.3722
10.4152
10.4535
10.4875
10.5176
10.5442
10.5676
10.5881
10.606
10.6214
10.6347
10.646
10.6556
10.6635
10.67
10.6751
10.6791
10.682
10.6839
10.685
10.6852
10.6848
10.6837
10.682
10.6798
10.6772
10.6741
10.6707
10.667
10.6629
10.6586
10.6541
10.6493
10.6444
10.6394
10.6342
10.6289
10.6235
10.618
10.6124
10.6068
10.6011
10.5954
10.5897
10.584
10.5782
10.5725
10.5667
10.561
10.5552
10.5495
10.5438
10.5382
10.5325
10.5269
10.5214
10.5158
10.5103
10.5049
10.4995
10.4941
10.4888
10.4835
10.4782
10.473
10.4679
10.4628
10.4577
10.4527
10.4478
10.4428
10.438
10.4332
10.4284
10.4237
10.419
10.4144
10.4098
10.4053
10.4008
10.3964
10.392
10.3877
10.3834
10.3791
10.3749
10.3708
10.3666
10.3626
10.3586
10.3546
10.3506
10.3468
10.3429
10.3391
10.3353
10.3316
10.3279
10.3243
10.3207
10.3171
10.3136
10.3101
10.3067
10.3032
10.2999
10.2965
10.2932
10.29
10.2868
10.2836
10.2804
10.2773
10.2742
10.2712
10.2681
10.2652
10.2622
10.2593
10.2564
10.2536
10.2507
10.2479
10.2452
10.2425
10.2398
10.2371
10.2345
10.2318
10.2293
10.2267
10.2242
10.2217
10.2192
10.2168
10.2144
10.212
10.2096
10.2073
10.205
10.2027
10.2005
10.1982
10.196
10.1938
10.1917
10.1896
10.1874
10.1854
10.1833
10.1813
10.1792
10.1772
10.1753
10.1733
10.1714
10.1695
10.1676
10.1657
10.1639
10.1621
10.1603
10.1585
10.1567
10.155
10.1533
10.1515
10.1499
10.1482
10.1465
10.1449
10.1433
10.1417
10.1401
10.1386
10.137
10.1355
10.134
10.1325
10.131
10.1296
10.1281
10.1267
10.1253
10.1239
10.1225
10.1212
10.1198
10.1185
10.1172
10.1159
10.1146
10.1133
10.112
10.1108
10.1096
10.1083
10.1071
10.1059
10.1048
10.1036
10.1024
10.1013
10.1002
10.0991
10.098
10.0969
10.0958
10.0947
10.0937
10.0926
10.0916
10.0906
10.0896
10.0886
10.0876
10.0866
10.0856
10.0847
10.0838
10.0828
10.0819
10.081
10.0801
10.0792
10.0783
10.0774
10.0766
10.0757
10.0749
10.0741
10.0732
10.0724
10.0716
10.0708
10.07
10.0692
10.0685
10.0677
10.067
10.0662
10.0655
10.0648
10.064
10.0633
10.0626
10.0619
10.0612
10.0605
10.0599
10.0592
10.0585
10.0579
10.0573
10.0566
10.056
10.0554
10.0547
10.0541
10.0535
10.0529
10.0523
10.0518
10.0512
10.0506
10.0501
10.0495
10.049
10.0484
10.0479
10.0473
10.0473
10.0426
10.0382
10.0343
10.0307
10.0274
10.0244
10.0218
10.0193
10.0171
10.0151
10.0133
10.0116
10.0101
10.0087
10.0087
12.0279
13.863
15.5308
17.0463
18.4232
19.674
20.81
21.8416
22.7782
23.6284
24.3999
25.0999
25.7348
26.3104
26.8322
27.305
27.7332
28.1208
28.4716
28.7888
29.0755
29.3344
29.5681
29.7789
29.9688
30.1398
30.2935
30.4316
30.5554
30.6663
30.7654
30.8539
30.9326
31.0026
31.0645
31.1192
31.1673
31.2094
31.2461
31.2779
31.3052
31.3285
31.3482
31.3645
31.3778
31.3884
31.3966
31.4025
31.4065
31.4086
31.4092
31.4082
31.406
31.4026
31.3981
31.3926
31.3863
31.3793
31.3716
31.3633
31.3544
31.3451
31.3354
31.3253
31.3149
31.3042
31.2932
31.2821
31.2708
31.2594
31.2479
31.2362
31.2245
31.2127
31.2009
31.1891
31.1773
31.1654
31.1536
31.1419
31.1301
31.1184
31.1068
31.0952
31.0836
31.0722
31.0608
31.0495
31.0383
31.0271
31.0161
31.0051
30.9942
30.9835
30.9728
30.9622
30.9517
30.9413
30.931
30.9208
30.9107
30.9007
30.8908
30.881
30.8713
30.8617
30.8522
30.8428
30.8335
30.8243
30.8151
30.8061
30.7972
30.7884
30.7796
30.771
30.7625
30.754
30.7456
30.7374
30.7292
30.7211
30.7131
30.7052
30.6973
30.6896
30.6819
30.6744
30.6669
30.6595
30.6521
30.6449
30.6377
30.6306
30.6236
30.6167
30.6098
30.603
30.5963
30.5897
30.5831
30.5767
30.5702
30.5639
30.5576
30.5514
30.5453
30.5392
30.5332
30.5273
30.5214
30.5156
30.5099
30.5042
30.4986
30.4931
30.4876
30.4822
30.4768
30.4715
30.4662
30.4611
30.4559
30.4509
30.4458
30.4409
30.436
30.4311
30.4263
30.4216
30.4169
30.4123
30.4077
30.4031
30.3986
30.3942
30.3898
30.3855
30.3812
30.377
30.3728
30.3686
30.3645
30.3605
30.3564
30.3525
30.3486
30.3447
30.3408
30.3371
30.3333
30.3296
30.3259
30.3223
30.3187
30.3152
30.3117
30.3082
30.3048
30.3014
30.298
30.2947
30.2914
30.2882
30.285
30.2818
30.2787
30.2756
30.2725
30.2695
30.2665
30.2635
30.2606
30.2577
30.2548
30.252
30.2492
30.2464
30.2437
30.2409
30.2383
30.2356
30.233
30.2304
30.2278
30.2253
30.2228
30.2203
30.2179
30.2154
30.213
30.2107
30.2083
30.206
30.2037
30.2014
30.1992
30.197
30.1948
30.1926
30.1905
30.1884
30.1863
30.1842
30.1822
30.1801
30.1781
30.1761
30.1742
30.1722
30.1703
30.1684
30.1666
30.1647
30.1629
30.1611
30.1593
30.1575
30.1557
30.154
30.1523
30.1506
30.1489
30.1473
30.1456
30.144
30.1424
30.1408
30.1393
30.1377
30.1362
30.1347
30.1332
30.1317
30.1302
30.1288
30.1273
30.1259
30.1245
30.1231
30.1218
30.1204
30.1191
30.1177
30.1164
30.1151
30.1139
30.1126
30.1113
30.1101
30.1089
30.1077
30.1065
30.1053
30.1041
30.1029
30.1018
30.1007
30.0995
30.0984
30.0973
30.0973
31.0975
32.0066
32.8327
33.5834
34.2654
34.885
35.4477
35.9588
36.4227
36.8438
37.226
37.5727
37.8872
38.1724
38.4308
38.665
38.8771
39.0691
39.2429
39.4
39.542
39.6703
39.7861
39.8905
39.9846
40.0692
40.1454
40.2138
40.2751
40.33
40.3791
40.423
40.462
40.4966
40.5273
40.5544
40.5782
40.5991
40.6173
40.633
40.6466
40.6581
40.6678
40.6759
40.6825
40.6878
40.6918
40.6947
40.6967
40.6978
40.698
40.6976
40.6965
40.6948
40.6925
40.6898
40.6867
40.6832
40.6794
40.6753
40.6709
40.6663
40.6615
40.6565
40.6513
40.646
40.6406
40.6351
40.6295
40.6238
40.6181
40.6124
40.6066
40.6007
40.5949
40.589
40.5832
40.5773
40.5715
40.5656
40.5598
40.554
40.5482
40.5425
40.5368
40.5311
40.5255
40.5199
40.5143
40.5088
40.5033
40.4979
40.4925
40.4872
40.4819
40.4766
40.4714
40.4663
40.4612
40.4561
40.4511
40.4462
40.4413
40.4364
40.4316
40.4268
40.4221
40.4175
40.4129
40.4083
40.4038
40.3993
40.3949
40.3905
40.3862
40.3819
40.3777
40.3735
40.3694
40.3653
40.3612
40.3572
40.3532
40.3493
40.3454
40.3416
40.3378
40.334
40.3303
40.3267
40.323
40.3194
40.3159
40.3124
40.3089
40.3055
40.3021
40.2987
40.2954
40.2921
40.2889
40.2856
40.2825
40.2793
40.2762
40.2731
40.2701
40.2671
40.2641
40.2612
40.2583
40.2554
40.2526
40.2498
40.247
40.2442
40.2415
40.2388
40.2362
40.2336
40.231
40.2284
40.2258
40.2233
40.2208
40.2184
40.216
40.2136
40.2112
40.2088
40.2065
40.2042
40.2019
40.1997
40.1975
40.1953
40.1931
40.1909
40.1888
40.1867
40.1846
40.1826
40.1806
40.1786
40.1766
40.1746
40.1727
40.1707
40.1688
40.167
40.1651
40.1633
40.1614
40.1597
40.1579
40.1561
40.1544
40.1527
40.151
40.1493
40.1476
40.146
40.1444
40.1427
40.1412
40.1396
40.138
40.1365
40.135
40.1335
40.132
40.1305
40.1291
40.1276
40.1262
40.1248
40.1234
40.1221
40.1207
40.1194
40.118
40.1167
40.1154
40.1141
40.1129
40.1116
40.1104
40.1091
40.1079
40.1067
40.1055
40.1044
40.1032
40.102
40.1009
40.0998
40.0987
40.0976
40.0965
40.0954
40.0944
40.0933
40.0923
40.0912
40.0902
40.0892
40.0882
40.0872
40.0863
40.0853
40.0844
40.0834
40.0825
40.0816
40.0807
40.0798
40.0789
40.078
40.0771
40.0763
40.0754
40.0746
40.0738
40.0729
40.0721
40.0713
40.0705
40.0698
40.069
40.0682
40.0675
40.0667
40.066
40.0652
40.0645
40.0638
40.0631
40.0624
40.0617
40.061
40.0603
40.0596
40.059
40.0583
40.0577
40.057
40.0564
40.0558
40.0551
40.0545
40.0539
40.0533
40.0527
40.0521
40.0516
40.051
40.0504
40.0499
40.0493
40.0488
40.0482
40.0482
37.0133
34.255
31.7481
29.4703
27.4007
25.5207
23.8132
22.2626
20.8548
19.5769
18.4173
17.3652
16.4109
15.5457
14.7614
14.0508
13.4072
12.8245
12.2973
11.8206
11.3896
11.0004
10.6491
10.3323
10.0468
9.78988
9.55882
9.3513
9.16519
8.99852
8.84952
8.71658
8.59821
8.49307
8.39996
8.31776
8.24546
8.18215
8.12699
8.07921
8.03813
8.00313
7.97362
7.94909
7.92906
7.9131
7.90083
7.89189
7.88594
7.88271
7.88191
7.88332
7.8867
7.89185
7.8986
7.90678
7.91623
7.92681
7.93842
7.95092
7.96423
7.97823
7.99286
8.00804
8.02369
8.03975
8.05616
8.07288
8.08985
8.10703
8.12439
8.14189
8.1595
8.17719
8.19493
8.2127
8.23048
8.24825
8.266
8.28371
8.30136
8.31895
8.33646
8.35388
8.3712
8.38842
8.40554
8.42253
8.4394
8.45615
8.47276
8.48924
8.50559
8.52179
8.53785
8.55377
8.56954
8.58517
8.60064
8.61597
8.63115
8.64618
8.66107
8.6758
8.69038
8.70482
8.7191
8.73324
8.74723
8.76108
8.77478
8.78833
8.80174
8.81501
8.82814
8.84112
8.85397
8.86668
8.87925
8.89168
8.90398
8.91614
8.92818
8.94008
8.95185
8.96349
8.975
8.98639
8.99765
9.00879
9.01981
9.0307
9.04148
9.05213
9.06267
9.07309
9.0834
9.09359
9.10367
9.11364
9.12349
9.13324
9.14288
9.15242
9.16184
9.17117
9.18038
9.1895
9.19852
9.20743
9.21625
9.22497
9.23359
9.24212
9.25055
9.25889
9.26713
9.27528
9.28335
9.29132
9.29921
9.307
9.31471
9.32234
9.32988
9.33733
9.34471
9.352
9.35921
9.36634
9.37339
9.38036
9.38725
9.39407
9.40081
9.40748
9.41407
9.42059
9.42704
9.43341
9.43972
9.44595
9.45212
9.45821
9.46424
9.4702
9.4761
9.48193
9.48769
9.49339
9.49903
9.5046
9.51011
9.51556
9.52095
9.52628
9.53156
9.53677
9.54192
9.54702
9.55206
9.55704
9.56197
9.56685
9.57167
9.57643
9.58114
9.5858
9.59041
9.59497
9.59948
9.60393
9.60834
9.6127
9.61701
9.62127
9.62548
9.62965
9.63377
9.63785
9.64188
9.64586
9.6498
9.6537
9.65755
9.66136
9.66513
9.66886
9.67254
9.67618
9.67979
9.68335
9.68687
9.69036
9.6938
9.69721
9.70058
9.70391
9.7072
9.71046
9.71368
9.71687
9.72002
9.72314
9.72622
9.72926
9.73227
9.73525
9.7382
9.74111
9.74399
9.74684
9.74966
9.75244
9.7552
9.75792
9.76062
9.76328
9.76591
9.76852
9.77109
9.77364
9.77616
9.77865
9.78111
9.78355
9.78596
9.78834
9.79069
9.79302
9.79533
9.7976
9.79985
9.80208
9.80428
9.80646
9.80862
9.81074
9.81285
9.81493
9.81699
9.81903
9.82104
9.82303
9.825
9.82695
9.82887
9.83078
9.83266
9.83452
9.83637
9.83819
9.83999
9.84177
9.84353
9.84527
9.84699
9.84869
9.85038
9.85204
9.85369
9.85369
8.85846
7.95391
7.13185
6.38487
5.7062
5.08969
4.52974
4.02126
3.5596
3.14055
2.76027
2.41525
2.10232
1.81858
1.5614
1.32837
1.11732
0.926252
0.753367
0.597017
0.455706
0.328069
0.212869
0.108975
0.0153621
-0.0689051
-0.144677
-0.212726
-0.273758
-0.328413
-0.377274
-0.420872
-0.459689
-0.494165
-0.524699
-0.551655
-0.575363
-0.596126
-0.614216
-0.629883
-0.643353
-0.654833
-0.66451
-0.672555
-0.679122
-0.684354
-0.688379
-0.691312
-0.693261
-0.694322
-0.694582
-0.694122
-0.693014
-0.691323
-0.68911
-0.686429
-0.68333
-0.679858
-0.676053
-0.671952
-0.66759
-0.662996
-0.658199
-0.653223
-0.648091
-0.642825
-0.637442
-0.63196
-0.626395
-0.620759
-0.615066
-0.609328
-0.603554
-0.597754
-0.591936
-0.586108
-0.580277
-0.574448
-0.568628
-0.562822
-0.557033
-0.551266
-0.545524
-0.539811
-0.53413
-0.528483
-0.522871
-0.517298
-0.511766
-0.506274
-0.500826
-0.495421
-0.490062
-0.484748
-0.479481
-0.474261
-0.469089
-0.463965
-0.45889
-0.453863
-0.448885
-0.443956
-0.439076
-0.434244
-0.429462
-0.424729
-0.420044
-0.415407
-0.410819
-0.406279
-0.401786
-0.397341
-0.392943
-0.388592
-0.384288
-0.380029
-0.375817
-0.37165
-0.367528
-0.36345
-0.359417
-0.355428
-0.351482
-0.34758
-0.34372
-0.339902
-0.336126
-0.332392
-0.328699
-0.325046
-0.321434
-0.317861
-0.314328
-0.310834
-0.307378
-0.30396
-0.300581
-0.297238
-0.293933
-0.290664
-0.287432
-0.284235
-0.281074
-0.277948
-0.274856
-0.271799
-0.268776
-0.265786
-0.262829
-0.259906
-0.257014
-0.254155
-0.251328
-0.248532
-0.245767
-0.243033
-0.240329
-0.237655
-0.235011
-0.232397
-0.229811
-0.227254
-0.224726
-0.222226
-0.219753
-0.217308
-0.21489
-0.212499
-0.210135
-0.207797
-0.205485
-0.203199
-0.200938
-0.198702
-0.196491
-0.194305
-0.192143
-0.190005
-0.187891
-0.1858
-0.183733
-0.181689
-0.179667
-0.177668
-0.175691
-0.173736
-0.171803
-0.169892
-0.168001
-0.166132
-0.164284
-0.162456
-0.160648
-0.158861
-0.157093
-0.155345
-0.153617
-0.151907
-0.150217
-0.148546
-0.146893
-0.145258
-0.143642
-0.142044
-0.140463
-0.138901
-0.137355
-0.135827
-0.134315
-0.132821
-0.131343
-0.129882
-0.128436
-0.127007
-0.125594
-0.124197
-0.122815
-0.121448
-0.120097
-0.118761
-0.117439
-0.116132
-0.11484
-0.113563
-0.112299
-0.111049
-0.109814
-0.108592
-0.107384
-0.106189
-0.105007
-0.103839
-0.102683
-0.101541
-0.100411
-0.0992939
-0.098189
-0.0970965
-0.0960161
-0.0949478
-0.0938913
-0.0928466
-0.0918135
-0.0907919
-0.0897817
-0.0887827
-0.0877949
-0.086818
-0.085852
-0.0848967
-0.0839521
-0.083018
-0.0820943
-0.0811808
-0.0802775
-0.0793843
-0.078501
-0.0776275
-0.0767638
-0.0759097
-0.075065
-0.0742298
-0.0734039
-0.0725871
-0.0717795
-0.0709808
-0.070191
-0.06941
-0.0686377
-0.067874
-0.0671187
-0.0663719
-0.0656334
-0.0649031
-0.064181
-0.0634668
-0.0627607
-0.0620623
-0.0613718
-0.0606889
-0.0600136
-0.0593459
-0.0586856
-0.0580326
-0.0573869
-0.0567483
-0.0561169
-0.0554925
-0.054875
-0.0542645
-0.0536607
-0.0530636
-0.0524732
-0.0518893
-0.051312
-0.050741
-0.0501764
-0.0496181
-0.049066
-0.0485201
-0.0479802
0.139981
0.642842
1.12992
1.60151
2.05792
2.49945
2.92641
3.33909
3.7378
4.12283
4.49449
4.85308
5.19888
5.53219
5.8533
6.16251
6.46009
6.74633
7.02152
7.28592
7.53982
7.78348
8.01718
8.24117
8.45573
8.6611
8.85754
9.0453
9.22463
9.39576
9.55895
9.71441
9.86239
10.0031
10.0031
10.0031
11.023
12.0108
12.9672
13.8928
14.7883
15.6542
16.4911
17.2998
18.0806
18.8344
19.5616
20.2629
20.9389
21.5902
22.2173
22.8208
23.4013
23.9594
24.4956
25.0106
25.5047
25.9787
26.433
26.8681
27.2846
27.683
28.0638
28.4275
28.7746
29.1055
29.4208
29.7209
30.0063
30.0063
29.496
29.0017
28.5231
28.0599
27.6118
27.1785
26.7597
26.3551
25.9644
25.5872
25.2233
24.8724
24.5341
24.2082
23.8944
23.5924
23.3019
23.0227
22.7543
22.4967
22.2494
22.0122
21.7849
21.5672
21.3588
21.1594
20.9689
20.7869
20.6132
20.4476
20.2898
20.1396
19.9968
19.9968
18.977
17.9892
17.0328
16.1071
15.2117
14.3458
13.5088
12.7002
11.9193
11.1656
10.4383
9.73703
9.06105
8.40981
7.78272
7.1792
6.59868
6.04058
5.50435
4.98943
4.49526
4.02131
3.56703
3.1319
2.71539
2.317
1.9362
1.57251
1.22544
0.894486
0.57919
0.279079
-0.00630495
0.200306
0.298303
0.39532
0.491367
0.586453
0.680588
0.773782
0.866045
0.957384
1.04781
1.13733
1.22596
1.3137
1.40056
1.48656
1.57169
1.65597
1.73941
1.82202
1.9038
1.98476
2.06491
2.14427
2.22282
2.30059
2.37759
2.45381
2.52927
2.60398
2.67794
2.75116
2.82365
2.89541
2.96646
3.0368
3.10643
3.17536
3.24361
3.31117
3.37806
3.44428
3.50984
3.57474
3.63899
3.7026
3.76558
3.82792
3.88964
3.95075
4.01124
4.07113
4.13041
4.18911
4.24722
4.30475
4.3617
4.41808
4.4739
4.52916
4.58387
4.63803
4.69165
4.74474
4.79729
4.84932
4.90082
4.95181
5.0023
5.05227
5.10175
5.15073
5.19923
5.24723
5.29476
5.34181
5.38839
5.43451
5.48017
5.52536
5.57011
5.61441
5.65827
5.70168
5.74467
5.78722
5.82935
5.87105
5.91234
5.95322
5.99369
6.03375
6.07341
6.11268
6.15155
6.19004
6.22814
6.26585
6.3032
6.34016
6.37676
6.41299
6.44887
6.48438
6.51953
6.55434
6.58879
6.62291
6.65668
6.69011
6.72321
6.75598
6.78842
6.82053
6.85233
6.8838
6.91497
6.94582
6.97636
7.00659
7.03653
7.06616
7.0955
7.12455
7.1533
7.18177
7.20995
7.23785
7.26547
7.29282
7.31989
7.34669
7.37322
7.39949
7.4255
7.45124
7.47673
7.50196
7.52694
7.55167
7.57616
7.60039
7.62439
7.64815
7.67167
7.69495
7.718
7.74082
7.76341
7.78578
7.80792
7.82984
7.85154
7.87303
7.8943
7.91535
7.9362
7.95684
7.97727
7.9975
8.01752
8.03735
8.05697
8.0764
8.09564
8.11468
8.13354
8.1522
8.17068
8.18897
8.20708
8.22501
8.24276
8.26033
8.27773
8.29495
8.312
8.32888
8.34559
8.36214
8.37852
8.39473
8.41078
8.42668
8.44241
8.45799
8.47341
8.48867
8.50379
8.51875
8.53356
8.54822
8.56274
8.57711
8.59134
8.60543
8.61938
8.63318
8.64685
8.66038
8.67378
8.68704
8.70017
8.71317
8.72604
8.73878
8.75139
8.76387
8.77624
8.78847
8.80059
8.81258
8.82446
8.83621
8.84785
8.85937
8.87078
8.88207
8.89325
8.90432
8.91527
8.92612
8.93686
8.94749
8.95802
8.96844
8.97875
8.98896
8.99907
9.00908
9.01899
9.0288
9.03852
9.04813
9.05765
9.06707
9.0764
9.08564
9.09478
9.10383
9.11279
9.12167
9.13045
9.13915
9.14775
9.15628
9.16471
9.17307
9.18134
9.18952
9.19763
9.20565
9.21359
9.22146
9.22924
9.23695
9.24458
9.25214
9.25962
9.26702
9.27435
9.28161
9.28879
9.2959
9.30294
9.30991
9.31681
9.32365
9.33041
9.33711
9.34373
9.3503
9.35679
9.36323
9.36959
9.3759
9.38214
9.38832
9.39443
9.40049
9.40648
9.41242
9.4183
9.42411
9.42987
9.43557
9.44122
9.44681
9.45234
9.45781
9.46324
9.4686
9.47392
9.47918
9.48439
9.48954
9.49465
9.4997
9.5047
9.50966
9.51456
9.51941
9.52422
9.52898
9.53369
9.53835
9.54297
9.54754
9.55206
9.55654
9.56098
9.56537
9.56971
9.57402
9.57828
9.58249
9.58667
9.5908
9.59489
9.59894
9.60296
9.60693
9.61086
9.61475
9.6186
9.62241
9.62619
9.62993
9.63363
9.63729
9.64092
9.64451
9.64807
9.65158
9.65507
9.65852
9.66193
9.66531
9.66866
9.67197
9.67525
9.6785
9.68172
9.6849
9.68805
9.69117
9.69426
9.69732
9.70034
9.70334
9.70631
9.70924
9.71215
9.71503
9.71788
9.7207
9.72349
9.72626
9.729
9.73171
9.73439
9.73704
9.73967
9.74228
9.74485
9.74741
9.74993
9.75243
9.75491
9.75736
9.75979
9.76219
9.76457
9.76692
9.76925
9.77156
9.77156
9.77384
9.7761
9.77834
9.78056
9.78275
9.78493
9.78708
9.78921
9.79131
9.7934
9.79547
9.79751
9.79954
9.80154
9.80353
9.80549
9.80744
9.80936
9.81127
9.81316
9.81502
9.81687
9.81871
9.82052
9.82231
9.82409
9.82585
9.82759
9.82931
9.83102
9.83271
9.83438
9.83604
9.83768
9.8393
9.84091
9.8425
9.84408
9.84564
9.84718
9.84871
9.85022
9.85172
9.8532
9.85467
9.85612
9.85756
9.85899
9.8604
9.86179
9.86317
9.86454
9.8659
9.86724
9.86857
9.86988
9.87118
9.87247
9.87374
9.87501
9.87626
9.87749
9.87872
9.87993
9.88113
9.88232
9.8835
9.88466
9.88582
9.88696
9.88809
9.88921
9.89032
9.89141
9.8925
9.89357
9.89464
9.89569
9.89673
9.89777
9.89879
9.8998
9.9008
9.9018
9.90278
9.90375
9.90471
9.90567
9.90661
9.90754
9.90847
9.90938
9.91029
9.91119
9.91207
9.91295
9.91382
9.91469
9.91554
9.91638
9.91722
9.91805
9.91887
9.91968
9.92048
9.92128
9.92206
9.92284
9.92361
9.92438
9.92513
9.92588
9.92662
9.92736
9.92808
9.9288
9.92952
9.93022
9.93092
9.93161
9.93229
9.93297
9.93364
9.9343
9.93496
9.93561
9.93626
9.93689
9.93752
9.93815
9.93877
9.93938
9.93999
9.94059
9.94118
9.94177
9.94235
9.94293
9.9435
9.94406
9.94462
9.94518
9.94572
9.94627
9.9468
9.94734
9.94786
9.94838
9.9489
9.94941
9.94992
9.95042
9.95091
9.9514
9.95189
9.95237
9.95285
9.95332
9.95379
9.95425
9.95471
9.95516
9.95561
9.95605
9.95649
9.95693
9.95736
9.95778
9.95821
9.95862
9.95904
9.95945
9.95985
9.96025
9.96065
9.96104
9.96143
9.96182
9.9622
9.96258
9.96295
9.96332
9.96369
9.96405
9.96441
9.96477
9.96512
9.96547
9.96582
9.96616
9.9665
9.96683
9.96716
9.96749
9.96782
9.96814
9.96846
9.96877
9.96908
9.96939
9.9697
9.97
9.9703
9.9706
9.97089
9.97118
9.97147
9.97176
9.97204
9.97232
9.9726
9.97287
9.97314
9.97341
9.97368
9.97394
9.9742
9.97446
9.97471
9.97497
9.97522
9.97546
9.97571
9.97595
9.97619
9.97643
9.97667
9.9769
9.9769
9.87713
9.77836
9.68058
9.58377
9.48793
9.39305
9.29912
9.20613
9.11407
9.02293
8.9327
8.84337
8.75494
8.66739
8.58072
8.49491
8.40996
8.32586
8.2426
8.16018
8.07857
7.99779
7.91781
7.83863
7.76025
7.68264
7.60582
7.52976
7.45446
7.37992
7.30612
7.23306
7.16073
7.08912
7.01823
6.94805
6.87857
6.80978
6.74168
6.67426
6.60752
6.54145
6.47603
6.41127
6.34716
6.28369
6.22085
6.15864
6.09706
6.03609
5.97572
5.91597
5.85681
5.79824
5.74026
5.68285
5.62603
5.56977
5.51407
5.45893
5.40434
5.35029
5.29679
5.24382
5.19139
5.13947
5.08808
5.0372
4.98682
4.93696
4.88759
4.83871
4.79032
4.74242
4.695
4.64805
4.60157
4.55555
4.50999
4.46489
4.42025
4.37604
4.33228
4.28896
4.24607
4.20361
4.16157
4.11996
4.07876
4.03797
3.99759
3.95762
3.91804
3.87886
3.84007
3.80167
3.76365
3.72602
3.68876
3.65187
3.61535
3.5792
3.5434
3.50797
3.47289
3.43816
3.40378
3.36974
3.33604
3.30268
3.26966
3.23696
3.20459
3.17255
3.14082
3.10941
3.07832
3.04753
3.01706
2.98689
2.95702
2.92745
2.89817
2.86919
2.8405
2.8121
2.78398
2.75614
2.72857
2.70129
2.67428
2.64753
2.62106
2.59485
2.5689
2.54321
2.51778
2.4926
2.46767
2.443
2.41857
2.39438
2.37044
2.34673
2.32327
2.30003
2.27703
2.25426
2.23172
2.2094
2.18731
2.16544
2.14378
2.12234
2.10112
2.08011
2.05931
2.03871
2.01833
1.99814
1.97816
1.95838
1.9388
1.91941
1.90022
1.88121
1.8624
1.84378
1.82534
1.80709
1.78901
1.77112
1.75341
1.73588
1.71852
1.70134
1.68432
1.66748
1.6508
1.6343
1.61795
1.60177
1.58576
1.5699
1.5542
1.53866
1.52327
1.50804
1.49296
1.47803
1.46325
1.44862
1.43413
1.41979
1.40559
1.39153
1.37762
1.36384
1.3502
1.3367
1.32333
1.3101
1.297
1.28403
1.27119
1.25848
1.24589
1.23343
1.2211
1.20889
1.1968
1.18483
1.17298
1.16125
1.14964
1.13815
1.12676
1.1155
1.10434
1.0933
1.08236
1.07154
1.06083
1.05022
1.03972
1.02932
1.01902
1.00883
0.998746
0.988759
0.978871
0.969083
0.959392
0.949798
0.9403
0.930897
0.921588
0.912372
0.903248
0.894216
0.885274
0.876421
0.867657
0.85898
0.85039
0.841886
0.833468
0.825133
0.816882
0.808713
0.800626
0.792619
0.784693
0.776846
0.769078
0.761387
0.753773
0.746235
0.738773
0.731385
0.724071
0.716831
0.709662
0.702566
0.69554
0.688585
0.681699
0.674882
0.668133
0.661452
0.654837
0.648289
0.641806
0.635388
0.629034
0.622744
0.616516
0.610351
0.604248
0.598205
0.592223
0.586301
0.580438
0.574633
0.568887
0.563198
0.557566
0.551991
0.546471
0.541006
0.535596
0.53024
0.524938
0.519688
0.514491
0.509346
0.504253
0.49921
0.494218
0.489276
0.484383
0.547325
1.49259
2.34333
3.109
3.7981
4.41829
4.97646
5.47882
5.93093
6.33784
6.70406
7.03365
7.33029
7.59726
7.83753
8.05378
8.2484
8.42356
8.5812
8.72308
8.85078
8.9657
9.06913
9.16222
9.24599
9.32139
9.38925
9.45033
9.5053
9.55477
9.59929
9.63936
9.67543
9.70788
9.73709
9.76338
9.78705
9.80834
9.82751
9.84476
9.86028
9.87425
9.88683
9.89814
9.90833
9.9175
9.92575
9.93317
9.93986
9.94587
9.95128
9.95615
9.96054
9.96449
9.96804
9.97123
9.97411
9.9767
9.97903
9.98113
9.98301
9.98471
9.98624
9.98762
9.98886
9.98997
9.99097
9.99097
9.99097
11.9919
13.7927
15.4134
16.8721
18.1849
19.3664
20.4297
21.3868
22.2481
23.0233
23.721
24.3489
24.914
25.4226
25.8803
26.2923
26.6631
26.9968
27.2971
27.5674
27.8106
28.0296
28.2266
28.404
28.5636
28.7072
28.8365
28.9528
29.0575
29.1518
29.2366
29.313
29.3817
29.4435
29.4991
29.5492
29.5943
29.6349
29.6714
29.7042
29.7338
29.7604
29.7844
29.806
29.8254
29.8428
29.8585
29.8727
29.8854
29.8969
29.9072
29.9165
29.9248
29.9323
29.9391
29.9452
29.9507
29.9556
29.96
29.964
29.9676
29.9709
29.9738
29.9764
29.9788
29.9809
29.9828
29.9845
29.9861
29.9875
29.9887
29.9898
29.9909
29.9909
29.9909
28.9918
28.0926
27.2833
26.555
25.8995
25.3096
24.7786
24.3007
23.8707
23.4836
23.1352
22.8217
22.5395
22.2856
22.057
21.8513
21.6662
21.4996
21.3496
21.2147
21.0932
20.9839
20.8855
20.7969
20.7172
20.6455
20.581
20.5229
20.4706
20.4235
20.3812
20.3431
20.3087
20.2779
20.2501
20.2251
20.2026
20.1823
20.1641
20.1477
20.1329
20.1196
20.1077
20.0969
20.0872
20.0785
20.0706
20.0636
20.0572
20.0515
20.0463
20.0417
20.0375
20.0338
20.0304
20.0274
20.0246
20.0222
20.0199
20.018
20.0162
20.0145
20.0131
20.0118
20.0106
20.0095
20.0095
18.0086
16.2077
14.587
13.1283
11.8154
10.6339
9.5705
8.61345
7.75211
6.9769
6.27921
5.65129
5.08616
4.57754
4.11979
3.70781
3.33703
3.00332
2.70299
2.43269
2.18942
1.97048
1.77343
1.59609
1.43648
1.29283
1.16355
1.04719
0.942475
0.848228
0.763405
0.687064
0.618358
0.556522
0.50087
0.450783
0.405705
0.365134
0.328621
0.295759
0.266183
0.239565
0.215608
0.194047
0.174643
0.157178
0.14146
0.127314
0.114583
0.103125
0.0928122
0.083531
0.0751779
0.0676601
0.0608941
0.0548047
0.0493242
0.0443918
0.0399526
0.0359574
0.0323616
0.0291255
0.0262129
0.0235916
0.0212325
0.0191092
0.0171983
0.0154785
0.0139306
0.0125376
0.0112838
0.0101554
0.00913988
